52.666666666666664
52.666666666666664
67.66666666666667
66.0
51.666666666666664
60.0
70.0
36.0
64.33333333333333
86.33333333333333
59.333333333333336
70.66666666666667
69.0
44.333333333333336
71.66666666666667
78.33333333333333
74.66666666666667
54.666666666666664
57.333333333333336
48.333333333333336
50.666666666666664
79.33333333333333
64.66666666666667
58.333333333333336
45.0
68.33333333333333
66.33333333333333
79.66666666666667
54.666666666666664
82.66666666666667
66.0
65.66666666666667
63.666666666666664
73.66666666666667
52.666666666666664
48.333333333333336
72.0
82.33333333333333
71.66666666666667
82.33333333333333
72.66666666666667
55.333333333333336
51.0
47.333333333333336
37.666666666666664
46.0
54.0
57.666666666666664
31.666666666666668
92.66666666666667
68.0
56.666666666666664
65.33333333333333
84.33333333333333
69.66666666666667
64.33333333333333
39.666666666666664
76.66666666666667
76.0
70.0
76.66666666666667
68.0
75.66666666666667
38.0
53.333333333333336
58.333333333333336
58.666666666666664
61.0
46.333333333333336
65.0
47.666666666666664
56.333333333333336
73.0
58.333333333333336
66.33333333333333
55.0
68.66666666666667
81.0
65.0
61.333333333333336
71.66666666666667
68.0
43.666666666666664
76.66666666666667
75.66666666666667
49.333333333333336
78.66666666666667
67.0
47.0
64.33333333333333
60.333333333333336
67.0
65.0
44.666666666666664
76.66666666666667
54.666666666666664
49.333333333333336
66.33333333333333
81.66666666666667
62.333333333333336
55.0
38.666666666666664
42.0
54.666666666666664
48.0
77.33333333333333
79.0
54.333333333333336
57.666666666666664
74.0
62.666666666666664
73.0
46.0
36.333333333333336
53.0
59.0
73.66666666666667
82.66666666666667
58.0
86.0
86.66666666666667
73.0
74.66666666666667
49.666666666666664
67.66666666666667
45.666666666666664
56.0
33.666666666666664
70.0
46.0
43.666666666666664
37.0
54.333333333333336
70.66666666666667
88.0
68.66666666666667
69.0
50.666666666666664
53.666666666666664
67.0
58.333333333333336
70.66666666666667
65.0
82.66666666666667
71.0
78.0
57.666666666666664
58.333333333333336
83.33333333333333
43.0
49.0
62.333333333333336
38.333333333333336
49.333333333333336
64.66666666666667
51.333333333333336
89.0
62.22292993630573 63.10828025477707 61.40764331210191